4
8
48
618289
849422
853885
853885
427241
763187
670180
462019
267689
904203
619551
928402
944968
876115
749740
113171
354045
183991
125049
119077
668455
304974
28057
608937
961142
167295
101419
168010
512276
395044
725747
48492
295868
393606
411232
4901
853769
546125
296525
480157
434469
769162
163631
101882
691772
402298
787849
515951
1
375368
502498
130358
901126
681900
863790
131889
614872
995517
172659
834783
106438
763202
764092
618134
758209
503465
168399
923404
831857
429628
523716
30400
903338
64626
642454
489948
706982
794127
79913
338377
644749
770891
863839
994995
982364
898582
189134
605035
871526
