2
1
1
2 3
8
7 5 3
1
2 3
3
4 2
6
5 7 1
13
14 15 12 7 25
7
8 5 4
2
1
3
4 2 5
3
4 1
2
1
6
5 8 1
2
1
4
3 2
20
19 17 23 32 15
154
153 156 160 146 141 177 213 106
60
59 57 61 53 34 29
62
61 64 57 49 42 1 125
42
41 43 47 35 56 28 97 253
10
9 12 13 8 21
34
33 36 38 41 62 1
62
61 63 59 55 44 28
68
67 66 72 77 92 106 50 132
191
192 189 185 181 166 156 194 47 323
501
502 503 498 507 494 458 389 332 103 612 1226 3057 4561
1535
1536 1534 1531 1524 1519 1503 1416 1303 1211 1632 699
878
877 880 873 869 892 834 828 912 684 359
3946
3945 3948 3952 3943 3961 3909 3867 4037 3732 3584 2603 1844
3960
3959 3958 3953 3966 3946 3908 3874 3970 3590 3432 2960 39 5704
3790
3789 3792 3787 3781 3808 3818 3748 3680 4064 3515 2979 783 7974 9326
750
749 752 746 740 768 723 682 560 777 55 1437
1337
1338 1339 1341 1332 1319 1298 1377 1522 1245 1537 471
8
7 5 2 15 31 39 77 199 291 611
486
485 487 482 493 510 462 438 314 251 818 1919
436
435 433 437 443 431 416 493 273 121 869 1114
4178
4177 4179 4184 4189 4165 4198 4105 4247 4522 4700 6020 6513 1879 14319
4059
4060 4057 4062 4050 4044 4074 4024 3876 3718 3522 2994 1997
5190
5189 5191 5186 5196 5202 5241 5143 5292 5384 5749 4601 6705 3195 8738 17150
21500
21499 21497 21501 21495 21483 21457 21438 21332 21158 20596 22054 24131 19898 27426 12788
16838
16837 16840 16835 16843 16851 16872 16772 16658 16539 17188 17460 19352 22271 25139 5771
18372
18371 18369 18375 18382 18397 18413 18361 18291 18045 17870 17007 20475 20780 27249 11794
1
2 3 5 9 17 33 65
4
3 2 6 10 18 34 66
1
2 3 5 9 17
31
32 29 25 17 1
9
10 11 13 3 27 64 81 205 411
1
2 3
910
909 912 906 902 916 956 1017 804 553 346
3
4 1 6 9 18
43
44 42 46 38 52 29
1348
1347 1346 1351 1358 1369 1393 1284 1437 1076 1559 29 3999
6341
6342 6343 6338 6349 6357 6394 6324 6158 6429 7058 8156 5197 2964 10725
4
3 1
12341
12342 12343 12337 12352 12329 12295 12401 12455 12665 12879 13707 14481 10111 3873 16801
16
15 14 9 4
205
206 208 202 198 214 233 161 93
81
82 83 86 93 75 109 60 176
32
31 29 27 21 4 37 99
3319
3320 3317 3316 3328 3309 3287 3247 3100 3450 3781 2698 234 7705
766
765 767 761 756 749 731 646 619 880 208 1716 3674
1225
1226 1227 1230 1218 1244 1264 1163 1111 1449 1888 519 2888
15671
15672 15670 15665 15673 15653 15625 15702 15810 15457 15931 14898 14003 10767 1425
202
201 204 206 196 214 244 182 44 401 940
13286
13285 13288 13283 13292 13309 13253 13246 13144 12967 12511 13736 14442 9650 4334 32055
324
323 322 328 332 350 353 269 475 104 559 1561 2254 7280
2692
2691 2689 2694 2698 2713 2728 2798 2620 2818 2559 3580 2011
1331
1332 1330 1336 1344 1327 1305 1355 1528 1068 1549 1022
2133
2134 2135 2132 2144 2119 2174 2084 2256 2537 2810 3763 1446 6521 9661
13169
13170 13171 13173 13180 13164 13142 13101 13215 12813 12361 13746 15014 11529 999
3928
3927 3925 3922 3936 3911 3956 3896 4007 3763 3423 2694 283 5396
7965
7966 7968 7961 7958 7943 7976 8031 8083 7695 7484 6296 5641 1346 13336
143
144 142 137 135 155 169 206 23 365 758
13758
13757 13759 13753 13747 13730 13719 13791 13688 13550 13952 12517 14981 8685 6115 30338
9643
9644 9641 9648 9636 9649 9628 9719 9486 9220 10002 8753 12021 13821 6864
