396797251
551221656
141948162
797390226
343153282
350542175
762838004
433379883
634021262
610134036
30077979
882010741
501351809
734389806
420024707
175108428
263623915
722006972
472261660
631731598
715290706
250956585
316461729
395813665
231421002
128339331
345578549
17962171
531951110
265629481
506114670
120822830
327350406
606842042
801778341
301664562
921426059
252441774
538795685
618027801
473935731
667650973
880331329
912182208
172672853
916761813
708953244
830631325
510646510
467478028
307075886
37400420
424995070
418142130
244943406
691820379
212925359
19833447
727420282
187965669
559342617
230672537
898013701
92714731
350063326
229060015
556656522
490810403
488446533
361910381
362136443
107209320
639695551
99565089
970181699
408328552
253445906
379546771
861749788
150891512
88395278
774989874
630968528
75627492
636123752
254212183
135639536
432265102
995946377
275208534
625760557
138914341
495438208
187412210
125183684
115333389
861625781
727056902
504959074
413613556
155777949
391324123
211242123
554330218
82825715
63906958
93420078
300178778
164150621
457434050
27852978
500025468
67078972
935343388
477036971
129122252
916994526
866591396
687322890
897821484
102745275
265673112
398913234
537316138
377768476
273462155
189375571
587317480
81616905
625796675
337413723
56570681
341268486
888303910
666720737
472106797
958611461
726866930
908976328
300453083
248609086
407561833
476771032
731870565
887217009
479215026
11764692
386179860
469652547
41415320
183755936
288759165
31088011
800702049
406347886
874300733
913255157
146321238
934731235
341546757
319838502
909711908
729389778
708976084
311027777
643061488
225472890
227530125
733618276
994008297
637552606
1710380
10925303
521675317
906355190
981927826
381644255
84140644
572145518
683346900
558877182
211035025
890351622
320530978
825667602
542745070
603478975
679448101
166571191
881240300
48841371
888610544
497806572
106439216
913170650
374184267
144809725
679957542
951763958
242308752
890744335
437608263
533068432
97510916
713994807
469851188
485363209
70507295
744318311
74645226
8567088
572351089
155021514
598423157
192075398
627619356
514193656
764158493
763581169
734807050
763156925
182990224
245191722
638094388
810296412
735269065
95897756
253789789
741544930
845665428
177041
615730832
249716
54091241
543508855
343450630
461984907
728062984
185408493
577318701
597939165
440520588
966558447
664304279
361265589
1504869
920009100
376253461
317075024
697851658
10528083
12125416
460373711
724184159
404913376
282462345
29911903
429581654
736823687
584303555
655839115
325325919
589305453
374898403
876682937
749794463
942295426
875766061
221726030
603335606
697296420
18404266
184397581
178007681
592276167
559644843
974068148
783583649
182225336
740657688
111761645
992463962
175059258
613281036
573811976
200537555
222956593
938953264
401134491
832822161
364745197
203680893
43509521
468527017
778741427
613119175
858624240
126798178
754672866
606416393
999155128
196786795
398939232
672367934
697723460
317323493
564676571
676545638
605320063
422452188
536673329
605604810
573724825
202684926
369759444
969712602
453247547
366011183
392385997
982472412
991752641
538368178
220840809
834512624
537523567
817105806
825342470
286827937
248064497
916467348
937453574
746353900
693155279
48878316
991901653
780635328
200956061
610857810
426141454
59500375
547595980
581557468
564539444
535782397
361892532
813288026
432998111
868792501
451988522
606099749
816373371
91141396
272825241
637157370
429597594
133275181
359235727
263046791
192217034
146298447
941870883
338203509
27734669
570406526
121978611
625239056
276589571
837254635
320438739
749172909
597002235
537055623
601133340
813549207
179086013
400672767
58481486
181875299
33041009
943509602
728102607
644020405
317271841
332322559
36135484
72227593
472521382
487060298
414562777
827328429
224968309
710183240
970720348
144951517
238537962
86365994
240360400
109482432
17886560
814910604
54888927
886174702
908656375
476184358
609756546
718541655
301549405
784628663
536011179
60740818
25650553
519697832
875587103
263253206
568712611
730772430
76561435
422964048
577484631
230221552
355352747
407655240
26923731
11799680
281960270
691327136
82964745
370914571
896004553
344144738
433083095
93017587
815963018
752467665
335171626
546656461
79849183
573582334
936080803
622991914
489374149
165489467
567022384
993688476
601582865
900936463
412517727
186619660
804436803
304127030
494163984
657855739
645637721
325415361
374171108
540081202
48063573
328496232
647909927
130104130
867646068
411817037
129328354
902607804
228823094
395846936
901785669
701124192
584412017
884786894
98679974
279324323
900156455
4264150
659958589
209078960
176116753
704573158
717668868
962814109
200867726
904205605
186990249
191654598
818961817
839628764
224790988
621150934
719593239
244150392
388069815
882279133
104907417
125185529
682372048
637489829
456643916
327508476
573286443
366773930
