3 6
5 6 7
5 16 123 1230
12391 68273
1003 12458 68780 30150 586757 253520 894757 3968304
1050755270 2087209610
1010 1100100 1111101000 1111110010 1111111111
1011 10010111 1111111111 1111010111 1111111010
322 2233232 333333333 333233223 333333232
988 8899899 999998988 999999999 999999898
1741083 71050383 30400 1 1474 99 11909 1 5317 601765 166235 450790 571 783320 51988493 876 9559028 539356298 47 863 78 99679856 611502197 2663 841 4 7 1 275889182 588 8376130 4849407 75 45797 744441297 6 7351 572407 1516 426 51710765 751552117 1690 491899 7 14750 141575848 692895333 427 10 1532337 82168307 191353 82 15556 73202 2796 682243 7219172 12303 8347 6 426223 10 549549501 4718 8470 457 983 740 195991 8394441 5010 27466817 572591028 6 85 657614 85 11 3140673 286082384 1403
14845 10 291 10058834 82 978202 110925 1873177 179404890 13374089
80106626 33 1 863320 46143 3048 51642 33 3298921 102902778 78078293 963 7 55682715 1005622 9 335030 6 294 591769328 119085 39091 82765 39417 5592080 411388 8 7 52207148 5224653 8114 36734 677396641 38 76 656353886 4 7 86 63392172 9083780 2 6487253 7 63 3257 6738 86682467 62964 96642567 64 2584 87 5 314581 23217 112 14268514 807 857155718 6466431 8844 883 252 102499 1 43956 3 249382856 13 86081841 1 9431 4412 908785194 87839 4181851 5 99435 2455 264968 10044122 9184 10 828480 147853 388
8027129 68563 69 7777484 9 706571 6 58780317 146 620008011 923 6946 16 522 106421167 441742134 8 98 8704045 46 8 41 993 3 25 63 93911275 78 656765 455475840 664200203 64 422045 540595464 536460 397 367 19651355 4 70926 16 454334 697354 6845 8358 199593 876037506 9875 90 442065 708525 3 408 710224437 8960709 3975 308615334 5706 7337 7363955 1393193 28 9111483 5177 10 52 438525
41 1724 11828 2811412 7753 548357792 3733744 7 223423214 435 8 283 5 545271925 17151 2952778 337184583 232245 259241883 2188183 2981791 14977387 3 4421 17134524 54448242 28883548 1282123857 259131 559145282 133 553542459 523498814 552175 895441 1335 91151452 22271294 11 58428219 987 224755 111 82435933 2497781 9 1245 324272142 18174 1188 315 1972717789 9 5 4 1237312 8997 7 14811325 3258329 158253 5 753 281484429 7 35544327 494353157 1541 2772541 443937581 532387559 1975 18948 3243 8 2334453 4 37735522
11 760845 3 10168 4507648 31056530 1081010 1276253721 34 76361801 106463 11 3007218 123281 1214745 1850258380 708 676 4828344 77058 1808080716 13530824 136615 22020100 70 1608660754 1382707475 71022 28 82 1685300158 7 6 70500 11 67 2 581462 815 6000 75 55 137221 51 5248 102 18852256 1261653 126415 21348607 56573 112 113213465 10 685223 14243 2 13 208425 1138211 15674013 1807814311 1120
6000089 63444 7604752 911 20080351 5141 79314 241322 5569045 882387988 30718197 4825 7 8 2207689 6 327985 6997 43869873 640768827 477 7974021 2 92 374 4684727 24136376 258332438 209 848 89361561 61367232 2 36 18558 628190797 91469 73326 976796211 84583089 38 171 747724489 309929 816415 8227889 72 6517 896600864 8 758 419 92 24344 9115355 4 2293120 810071 33348365 99499 65153613 814 3674 6 1200 901 95 85 448541295 64 627132 165 14044460 292 5650098 612292792 42508355 74453579 52 1 3353901 465428295 506800 24228 9743955 70897 824 600236 846 75080
126883 5173 11986 73226080 215588107 369639 793 62055090 999 58531158 60 1530732073 11 8 209 27 166696 1 3859 85267 13716 595786 71089 1376857973 186533509 133600551 76868290 720127926 1872559197 97 27116 1 151262 2 101 182732228 605820 212362652 60689668 3138 1 10829 2526 223 2583256 7 12065 110 3 101 805 8370 1677507 2 1559776 171500197 191779321 8578 9532790 1276
22690 202331316 552 12 9 39 393065007 3
3 9331841 918166 8 697167641 632043 202849 250549754 3 411 29114814 409788651 2179444 7 3694 10416889 916 9854 210538 360 30058 10 8 72854942 613455 63535 313761732 791421 98582395 65887538 804 56 4167227 110001180
1524792199 47 9514 923404 4 393 200918355 241 899078 1114007414 5790 8989 81027510 14182 73724 1430859 2 10 585 570342 8 32 102277138 517234784 7 9 1421305 11 13498 33774 593 512 18045933 5897 15031357 1 18139914 711304 14092 2537 13712 387 39
103732691 419087919 82038 4740340 746403123 1116 142617870 1324136 363 118392 1237 13888 16483884 478 979473 1937 177637938 11 11346 12 10294 136637 67498913 142970 119 33424 3 22 117 1362712 937 214809780 128 11 110 14144 4609 18832191 6971 6063103 90741 187714841 10198640 128127009 428 11 7987488 267 67 62233690 1992 138398400 41368776 127009 9782 37144244 1293 3778073 9969766 712403 10 97336 33203 4 6 29 117463480 1320 287992673 977 44696 8203 119098904 10 16233 164403 9982923 160660 66323 149196877 67 31 131062 12829 9809138 7079 741136 1044103 138282 1 1 29 10764 1841 141069
9374 104723 7777 417423 99184071 8 2558 91209611 586 13 4714366 175 26697 241 781606 7371006 4 383500830 166 2986 285169913 648 6589792 748 7649 8 137909 4345867 94273 549573 7 38310 853001 1 81748 832 84430777 560 1060 1009 1804992 7670030 10103237 6444772 114 770 578116377 83 389982 108597 10099 65 158329 542989617 52910 829645 7 25 11293281 10158247 97259 72200910 8347898 78 42 801305 103027827 4 541976 83283 376323 402724 907726 10 4 5 2916 24995 665 1044032780 44897 1006 3907613 6924572
912789427 119 30 920525350 219 46043046 94 4125939 5702 993884 7773460 5623 678088393 436 727169 69134 106 2 18719 905693 827 967762 3 72486 1155003 4931 106583030 9622 33720 89113760 5964317 2 461548621 753804 921013604 522226987 75182 4062458 2903612 317 81007963 2298 3 802183 258 77667 363612 10320547 2787 63313603 363055 89701296 45251973 7 744052652 19133 249420 30932464 896299069 3294 6719 987011676 772 99459 694579662 3 802 292 9446 26022065 233 265288095 894236759 6 380
312 53 748
11 1592825644 8 499 11393 145009868 138245925 519833296 222 4444 104 214591865 6206 118614358 66901545 34361
329358 11595 1421626949 177525186 1915193498 69 138192 163342873 12652555 12973 1344977812 738 13129499 1416643513 628 97 16 13987132 1152912 866833 6254 198318144 38415 11 19918223 95 11433 4 1 69 699 6645523 1517 82818749 1251 954383 132919117 388 767 1217966 9416754 26233 6431 1 4 1248 129783792 59356 1322354653 96 11317 533197292 5 39 13883 11 173339822
43 133680 230230543 113081 771 1380237 1564225068 38 188268110 21203235 24147772 3 1234158775 72 37 14171863 384074203 315045 1066 11680 18006504 8280822 112558 3 26 51671 858123883 1454477868 6 2021 2128 265 3 1638486 8288 2106313068 8 138377 6 782124 7 1178353380 4 24025347 1611482038 3673281 67178 712 1238301 134838410 1130318 840041536 7 100 54617325 121808840 1473602 8 45332 10238 11 3 11882335 4 2021261663 1068 3 677 2 60660 145048 5 83 5320 41 50003 7825 10326835 2850 386443028 6355
689655424 740203 552652318 3813 19428607 75 3302 699 49865 8 66 42077192 86 3304305 1 513 5800 91873 2154 910469 60308 64 80524 576 67633 132547194 37 4 19 20021 763361046 36498176 57186 7973 25 33421 4421915 4712455 6 453371325 216470 776 413329760 192 46618436 16236 167 998883165
181523421 42621586 1428061 1350775 60572 10410450 5521868 1588302 131836 1070061853 128432001 20014083 10483207 5524 728221 56425432 1066716 152330 7416231 8745 1054 37 16768 4 427 146670 102254785 11001 624837 2 14 47 8 113502066 17034 41083033 155633
45 76704707 2134856 559672 6845 10677757 525738398 9091273 3839 485257 32 329 10195769 5542809 8711 8 830749510 3 11241101 37 3 45 641120799 2455329 447826 791221 113227021 39865 6 546024 6353217 4115 8 30 7 7430483 935038 8 1097443 18 112180089 272377 21197428 21790250 46185 8749 2776 22743 221856 891959 63560317 8793 36410109 905555 2706427 4
447 2728 24388 43527973 9 3149 77 732886369 9943900 9022 166389 22310028 7356 5816373 2291299 582055534 42947 6044 422743 2 241845 5 1933
1 925412764 4868 7689749 70 42705 818 6 8318125 27359844 63384 6181 722800380 981017489 25422 820948 7323 42375 6 49611 331797237 730 3246 99097 217810603 299 12192145 232032228 54966888 948 7506 5 3130589 1802424 45 93 808252206 59 403576771 10931731 264 3401594 506271555 556567 5724968 884 73335979 19226661 15946 659048 812251 64107182 96563616 21301920 9 68092899 5632802 254494 979462 826 394024477 71582 81933043 3021333 14 2 380626852 5261697 18 8610188 54717 776
655315324 5 32 82315 16198 3592991 2 7 17475 52424383 1 2104009 99611478 36830095 8 6 818930568 34434 649 29521519 538216 33585 402 17408 1537 470 25644450 4 7951256 978047 83682565 10 37218859 1 6136302 98229933 895
742 41828974 22924 11912472 119749 18714 287 7 1992 227 1972891 1499
1017 10 931714 6 56311 79 10 8597 366209 4 8431 3861282 4525101 413771223 8757905 395 7928 3244 33 13097870 7333 269 5382531 88988 5120246 4989 5295906 164275 87 250160 5998473 5409 889
41397377 25305991 21323 12499414 19912623 133570246 9241 717324 17 16736297 732309402 106 1 50375 6 1223 9736713 66407 392020317 17 1166 2060913 9276 962700696 164304619 76123 154041 7760012 125726 110377301 150095732 137766117 336 233 7 11 3103357 6 763432997 12076403 102969739 1161 129499 360 9325652 5 263 1193717422 140009113 39630729 275 9105015 1037 10746 931603 4 339 15400166 219 9146279 5932 5149577 3655 24746031 3 72962934 423407 6 591673624 165 61 43535465 1221492734 11 1324 93 622 125672257 1647474643 12071 67 652 11 1337336 15109276 1212579533 1061242 12997 29495 1625092604 125311609 66146
224760443 2031235 1362 1148426 71 2 172021 13010138 3 48222200 40385 57626 660416 2 1160475745 120680 82 107642 5 174112
646504105 926237 744 9 1464 346 89 9797 17372 4667 4228 25377 897 31 78 86 5909 32929472 890592 705466 29 1713 61 15848262 51130711 46
77192 42 985 295634265 1893 8887 451 4263010 1039 41732408 1124337976 2989558 605 3 223602974 8636299 9102 26212518 803566916 2746 1 8740 342 2 10 15936 8 698818 362 21 1067440742 66 17037 84377496 9687647 934778 9368 833354 7 6511 4514822 908453 366978 6 54143 8 23383115 659372 6721789 4 683721 8110 939700451 962404343 59847 54 1022967 296286 48891 981473 16985 5449627 85109304 101467980 425808 48 16273 108241209 10850178 9232 3 73 6051 439139 6 728270486 90237 52860043 2 10236156 5 7 1173866943 470 948130150
5651 1191 97815782 889512 73 3 18403 66332 621778239 4 24 971 6 490896 94411 942523 5 63632 1591 671 24 526023 82601793 128118 805303514 334975 370 2211109 88 78496973 1 9660615 338149 714 9311481 789463988 511191 9308 78709 9539 631831 64 719 1088312 432940 586 5605 10 620753 1 549705 101872 383 892681651 939684 881 257006111 1829 7 5055492 5942989 6705054 8256435 1986185 13517 845070329 35924 50
52312 73654 50667823 175 68772 25245 76549874 3326 179 98303512 7 1 32 139536 24 34946636 960179719 4590 570568122 28 431 154 9 78649 19046 68453509 4776276 532844 100103 3008373 475 1540086 7878025 8 80935 2248 122021 153 834539 818695 3194098 40374655 177749976 6909 2 61001 28 115608418 17806079 4529 537832859 4 781521857 8933011 103158068 5 684430774 5354 296 62 227754661 666270780 6288299 63210901 2028 837 5 45556 3191043 17 3179719 548261686 301 18134588 7542268 73 62364988 34 92206829 749 8383 2 72 26237 573 94 5730 3488 1088816 208869 872597072 5 611523507 66881 9524 183
80558704 204845686 50864 265568 25 8877520 577277 747002 762752 480072 706722 4752 5586687 660 255427576 5452886 750076570 6 675202 68 77264622 754778 20266566 260646644 80487044 42 42867060 747540 6020284 55674 770748455 20554 207 27006 225704406 457 2865702 54705 285646 686540768 5256472 8 22455552 25 40 222224040 24 857822466 227462872 244775 4 4628 8 4 605024805
763908125 499986663 15596 683688 8 11 62 7266 2952116 588810 1043356 196 911625 5 3 11 243143479 10073 98864 2 61725593 982598 1423 360156 619 71288 43617 937261364 7579 485 2335648 54070456 320824 75329 90630427 8618 58 5321 146732174 923503882 626065076 667421031 827995 81 54238362 8024 212 85437960 2961556 6 1058 4861 61221 583912 61915 624 942770 72 534562 235 10 77 46458436 27749041 3 1807 4281657 9378465 3948 553709 953 48725298 17 973004 7 1022 2102077 3 54568627 9 896 17008375 907430168 57547573 6332 95339 963 1551 92977 5 22407 100234 799 44 4581 2
428 11207529 67725 12758291 152858 5624182 60968 84 15925 1114 6801 118 99 42 24 1406286 5551898 11 84 904298686 7142 87842 956409 9520 110685 7 1464774 1928062054 724 120 108216 46198494 4687 96078 919169 878116197 182479258 10 42 67214018 1 8 1250 48584900 22445648 1414 16251162 11 170090679 105078 11 566100 1 418180 1125868 109 28948 10694 10 120
27 74 1632882 25545 2196737 823773841 36458 8 5 2 2915 39 12688627 722 478537 71 38253616 16 9 564 5856653 5698 953 97131 47 691829 727796285 4 107709978 3 95133 100 4096 81801 2350 881 2885 24 110662579 55 1559 836 9 63 654911 9364 95346 60809770 20234 36293124 457112 8 78 405873 6 4202
2622 92341732 71 97774 6427 907910540 21632291 69 21336 9141806 72 96669905 601517 1093230582 707912461 7635 822529 95005947 25 1030807 101721379 3 28067280 330308 61723020 2680 802803 94 683712120 2 51 26 43425394 10338069 39 458538 2517526 9644873 7517 697820397 725228948 8 5264 6 560911259 773028716 864110236 2356752 97251814 4412351 102 5499 10138171 7 7 326 101542 929079021 4560966 323614 62 448965089 177272879 25792786 2 9 14202212 20447639 13 5259 549 9755 7 2 156 544633341 4 5677917 2904467 794133226 464466 328382404 394345
30193 21 99 79520 242751932 103112952 35 17420 1473 83129 18138010 1315515850 105375 2521281 8181902 1432253 11 1517017 421043 919 32004 52 24213 1045 20798344 17970072 153544031 89073423 12179 150021 9054073 13112 1 1114097150 1084 1152 4703 8255031 74284 2 40579 119 358295 27145922 173835552 39534 1857000 185942144 10413 5 175303910 214 328044870 7 1189403 822 212033331 41 1158198041 51 20777494 1034 2028904893 93 7438 537852 10 353 212 82270 11429 27901 1552573 933 153827509 14770 841378 1418 7 14394582 212047933 33353583 1472032 18794982 2020330155 17 1530823393 111 997 339410 1497940 575 8989 2404 110
481 8 50709576 406965 88558649 286 8095037 5385 899747 2 70806018 8 10 1401105 983612 9 70864 2064 1 157232 8922089 69466256 19141214 4 53465398 103 890 388013 91796663 4969025 8277 4 778710804 54591531 380 84746886 2995088 1822 537065 164738978 37 8867 5 600055 429731408 599 76583183 77456 5 2516 1440 51690 97 9325 947 80657405 9021 6676 5 400770 931486 8325 895657776 6 4631185 186926 7 12 888 536 394 94913 83 123 321666 68892508 1127 9914
86 391 310098060 109312 5398 97322 106398146 7395 52258600 703 4789991 996 41631 1004 19434 6025354 589 100277006 5 9719 60 630 743823 8288 3725 91 516529 45370 378 34511096 5919 5 5 356042 99088 8 78626379 69753841 10 857084509 49986 830440580 438 6217 593898 77751 4718 36242 3488816 62175 8806 42766 78318105 272434 2 91944 24979918 26148083 297 357 231 95164463 89246706 102806 17 2647392
6245 32828 4 128866 128111 80 141237 120 647830541 1047542767 238 1082401515 11357 644081 148062 18821143 550886 2103516000 206888145 4364 111382 18 8727 151164 616811 84863613 13282667 762 88673606 67145 351624 13708006 108 141138345
27076322 30 134803447 17770428 63 1303002 5 37 1012877 318 26 30 1447514 17412676 182283414 1270436 1500862630 14708617 7542 3786434 8862 65527702 17343532 1150318 1237348 305481 2 12062424 62 1134143 54 273360 12278870 211455184 62 4287 1066484537 745478684 6865 12452632 5 120146108 116 12161381 13604 137734 50213 164434446 221847347 121 37717260 1 8550 81445 1 37 65 2 112 1845303 10 4866 464004 63 35312 8 56104 671 8153705 35718401 1767232360 11213236 123
965269938 64169 16114 783684806 616444 6 305674 46077 53 902 135503 319987 39 873 394 20936 874 20 22806483 10163 338 5045931 6812342 25031282 6586 1645 5 8426161 43563 1 932341 9480575 75 449415571 62633137 96398816 7 5852 32587665 6377 227 321 13798 304086429 7 693075352 420027 249885556 5268716 30 77261 21 29065829 83322 996704002 10 78555 79 17560351 1 5 2014832 883 69427 91867 67 509964295 8085 311 30843 74 991546374 3209937 10 1 86101871 889 604 658102 392 4207 51797 96267587 40459 2 101932 851497 17933 9 41545 7 194 5536058 6591999 2085635 99 309489 8377331 537
97370 65 58002085 2804 688899868 7 68566441 95265 7 702980 166 946 12 1560 1033175 65221562 5673321 168 412130 898 1 27467620 278 769339 282 3341 79 1001386697 2827851 6575720 24588051 92 1002 9559 792342 4 5435004 8061 10065 2674924 64 981745050 39568943 4249957 38625 7692281 9350 25179 830067983 12 9011515 2057 7486 6380768 7101 103068 510292 41901496 2288364 9 4859136 27234 66121 268 9683 3 101472044 3890737 2452339 943 4 103808807 3207 56887893 606617 1014591 10047 833981 1001 4343273 7291 370 35 1001
199784736 2 538966100 888 11 104421 4004 20307 299 6900 7344 93512497 909 63 7 5 82821493 49440167 91336274 8169 938561744 4433285 1992711 11 5547 7 896285 360 798224 10 470160434 666340 1082167067 3242064 422 50 24 90 90463954 330458 84 820407636 269673409 353 106123201 16 89 32140 4541 53 94074 691900 831 26
58861 112054370 9456528 562792377 238115 1602 183861 10020709 588 77 6727 43 611 1168841
602 7 12 72 144662012 347920645 748 7 36938 811569 211 40333 61064568 296171 287522135 954426997 4 781348341 4720929 184134 164982773 36 6 90334178 346 7371 12046 595 62677343 931804341 709 981
11 17235 2710 125302 4 91374 80572 51803 822373 9 21027750 1077905 72994388 3 8782983 7345 219780434 99 100804 1990208204 220341538 71 45 1094058 92 111 43823 2 2 582 851124150 9729210 780449 1980110051 420740 915 183891085 221271 111 90885012 281 41794 7 5094387 11 1772082 1704191998 58302337 2130541542 9 4354 1347593 12859 2494 1174321
8 73752 63728 3 412 833056592 370377 63 782869518 82327512 50240 86788529 66741450 70107 109241 2 9347690 9 85449890 458365 7424289 51 6 568 4591 1513 448365 48069798 201823 2 509919459 5287756 98938465 3 4273570 17477 52 6 7128 987954019 598662893 59751362 41601075 603 16719800 59762 971172959 4200978 10 186740 6599 799548748 802 15028097 7461 10 48202 2859 2 49 4 908014702 83883 48 36946 72988 755 2360160 75 98 460353751 735540528
157486 291910 168702760 19251595 21756 6078165 4095984 45167 1090281 6 1 1129647 125196556 8 11 1294480 112 1424 178458817 82 568205 1526 697 809510 279055 892 1700 51 946617 1892942978
544 63 6 123579 144136591 116 5894 711 15812978 14554998 1167 69 818 1156 86 66 111 934953278 1525689 214556198 127684762 681338 13 318313 1469222 37819919 894 1 847 843 1485242 573754 111679 599 1155626474 5 841 8433 86 9 4462 45492564 1639911 15 7866 72571169 43611625
58 1262868 41 10498 121 104993038 21 18400 985413 100 103 1600591690 6 22035 531349 1993 12068 1084080865 66 11 59108095 134112 105504 164311908 626 386 1905620 40115 10 869348 5458 14560 4 23 5 804056316 156522 1158995694 1426139945 1660968989 129160 21882801 10813 20 11283 458 11556 280 93908 210 1350 458162162 10 1644263 103611 1863939 20846024 100514 293289095 30484 169330 89 12 52 42453355 1192 148180 45 631 5303 418648 91 4 32 14805954 116 1114682 240848021 88409669 124806065 946 369826295 4 55 65821148 6 11
505 14550459 95 97774 10159 547049490 1491705 9425045 531 13209 10859 992 845 3 35424 1088385 37890 45578217 1075411180 34871725 85 39752 1 782 319 122 55 150853 11270 44 18092951 17847252 49548 92 2089328370 1 29971 848850285 1479107 1297 108 722908302 131332239 9 31 888187 528911 2 43814383 2 934802 14017500 153 8038
111 7005962 81875 4 120 122442 4272112 12778660 10166772 77 98 102708 47 40 298279907 168915281 1528650 62486 64255 50926 241599706 949772996 261678 249284 6825 6 19 1085702 190820651 6766788 1190670519 1929027618 88 116 1990709 171 1919 8 1406848 16021 144672548 224467881 215557590 1962 992 2056196094
46538710 7 441 4 5404593 98946 71567 999066471 6560 95316530 40733596 2006 7 926 486298 4094 845563 38 20138 6871159 45273 28583881 688131 57 289 6 8694451 3605368 999 72714 384387
70 1201 88 607155624 7 20758 620201 8 1676 16 7721 5740 1778 14142654 110 6 14126 7614 34 1585027541 428 2 18416647 2427580 18325385 45577 7820243 47 352048617 10 820
9 5736 683 19097 149060 8492654 8 106096367 10015159 543037064 53 84465 871015 8127 36 228438 99129 615 3448085 24 557388840 917352 25663914
95401 163226 2490 91 175 6369070 8292399 97619 73041991 537672 903 5 112 5 591350 52 8599 52 5931685 8279141 1026225078 16650255 607665 1008250893 891 3837303 787527030 8036 69 7654480 2435512 45 390 8347 89 9 144 526814 1453 265 60 647 10 7 45 7 9 819 7 2893462 1844 78 2798366 765480734 5 155 3
18614216 3 1531588602 2503862 2384 6 86 26 159553 964560604 11608 20396542 942 115669366 10988 630 853403 11648168 114 10185 1101 632945333 1193484442 142209 6 64393 1226342 1989434545 152910598 103520851 1594308 152943 1865540 10542112 1856946 108193 1503894 10063626 9 10353 36 5098505 231415401 334 16
111 87 153281
4884 17337833 58000 115 440054298 1755792 1102107 1892000525 4 39 111528 5102
64 8313 60805095 578997380 416639 4144415 6220 41503 8 48255883 356578441 44734047 83 2350 395489545 874 8 135 31360835 6391 8069 47 83 86050009 4385 39597781 4 5 6205330 6 8729 686514110 6 60 5674918 221961273 89929 645863452 3197 8524 7750177 5 1 6709496 298227035 12 3570 6733 9374067 52 5 94 115116 24 2283 904 915402984 1092 8684 85 915372466 6523028 9 362590589 142521575 68111227 67041 109012137 16 54597630 5 55848889 25740 6
9806166 52695 949901593 7460095 6 49489 418397 92 14699 684 69416 393 860363 820357 27226556 2 9529 5329140 1006180 496598 553738485 3003 880 9
83 1067 901087 1809182463 94491 232 101693320 1601417 6910 74914640 1423190087 6040907 39 112710490 141870 8 99144430 3 7 6 14 9192 174191601 124391 8902 37330 8 13012944 16872229 1724244 902 893830 18849680 739 2099088684 1120283 74 3 4631077 126633 16897880 194316218 149680 12239 192909089 627 4202 1184476473 1677149998 18900430 1113440 36 180122402 110227911 1910 328901 18899682 224 40 148804 128909 662670 3787 19248841 77003180 209884923 2 17 130109 49 62434 1186 32233689 170219 12868 8400 21926410 278 846768 17166664
5572 2098 592829559 569513651 638863 598753 355277894 10668195 1044477 1 123471122 53342095 831 3 23 87 7 29671957 547957523 3 829436260 46172 12 98 43322 5058 52218 647 3499 62174 28742703 23962771 3272 667077444 5095534 49 90 45038 85650009 2773778 17 50094 100416 166059153 86589 3589371 3162064 10492711 1745960 498600176 3229875 2346274 326859 50038409 52833494 76 55 1 24 1 8252362 29248 8855143 9 141975941
3 1651640 46 4 10954 367 177723220 11 51 13456 146907600 1042 121 17 4272 7 90331 10694 603 106955 10 1979340561 19977146 11 1202453310 449 12231347 196249773 76224 56417244 272 934 9 14 170502130 122601533 62 15766243 1323 143044700 9093177 434313572 60 662250 1243301707 6194796 1142770617 637944 74 152926 1 73556969 149669 476399 611 225400 1265 13643311 60330 7646 1539699 100140694 63 1444939 1139297 20 623602 1677079 54 6413762 955270627 1293059
6489496 3 8262 81833 8861 626924192 177 576716 71890 18427 60 5 7711 74163 8 61964364 650343 63 6852 911904495 7 7591 13176091 551794 5506665
1 57233948 7688 98 589138 8 991804
6111 66796 9307536 86813 81 823207 66711 624989 48430 117 678183 64647359 178 68527 208961 20825831 10 2531 30 6 43489 681 4 524 93 64 2 3 5 4182257 8 105747 2 840998574 471817 573625910 692557 32365 20869 463241 329051 474869 636006 10007020 39 27 6 70 415 70245 921751 8491165 6280 156865140 3 13419 3909116 126 846675017
666342 2980133 82 46632292 2 83 492295 7 485794 2136 45268114 82492 47181625 29573 1 869 443 641286 675 211 8227 503 9233071 3397 776483 38193922 2747 902402258 8 21985539 3002 525834 1315043 22 76089 89 10395 26182
4259 564255999 5960 44579499 50542 564255999 266 55 2070 7977292 79244707 2674 669990 262477922 729796 5 20569645 2442405 255 2552956 670405 929020 6475 205 4604 790077 207572406 67555492 262947 420202955 469970 49090 5970292 45290 260905544 264490 7654900 29050620 74405 7654672 4466267 24629942 2 2259429 46062 750296622 5070 246659560 225 256247 22294622 50 705 76 22 725407 59664269 202 2622 605029 500579 2256 205655505 502642094 204 5707949 55247 5060 542560200 4772 2 945970 204692674 22 209620250 9 95 4470 52
8 161372 66 85 754260556 509 21487636 61021 9 382995 779668610 40 946 889 1056837256 5743 266600533 622137489 66 9226 2044574 819 49919 1 2452 8365681 40998453 5037 58190350 25723515 8 31 232306187 6944 750837857 219 205159912 4 373598 1222902 801082413 68 353 6227219 647546635 6014 16 4462 8 13 2282022 291800 62 1042495988 63466 837117335 47 4 3976 49380950 637113 11855 493 25670 948646 1069525533 3378124 5006 5975976 10 996254 7690537 663 75503723 944 253535 3 634974 730 9990625 14047 8
3 5766 95004648 56382783 269383015 151041 568778 65495 5467977 70402 119844145 3 2894738 470296893 82443458 53589 4240 545200721 849577 2 91212 59161 23323282 97 176336917 68 859100 87287 651655 206928875 6869782 6595058 459946792 524 40262 787 3 72 47 6955254 9322136 668320 89274 643842 12 83534291 510109230 9457 88 146 525 2672826 3059 2557 91294596 3 834 37783081 90205 1520 8199 2362611 6 623329895 21450923 151 6618 9267 36408
1108731 15456 1257424134 210712 121 14043754 12458551 15 105253
7 58622 700 934140 565 7277 9994107 83104736 3 491246092 3643 62010 4378 6992 406 4 365 64 164 409217 24 3 3532583 103527644 312778 455643445 528 54548316 3198527 891 7307 90 10554736 51720 1257 79612799 779 3742 2239 476845 4656 581635 869781 43 1984657 27436427 862 329304 44 10 31946 1271396 1624 5624805 6 714786 53 133 10 2 10209467
1629449 111 9140631 18499343 222094834 1001056102 929 1636819 21194034 628350116 544141 99423 4811 45335 1146611063 5 126299 12115424 1959320511 1083 1569882 826 1459338848 4
36 45735 70673 17128 12444 515 53044 17724375 1584472274 2101872468 826485 2600 24805105 54 11 136626 14770462 4128025 6664 1053130 87238 45 1560557 14262 24536654 2 205506520 168825 115385 126320 231258271 1310457842 140350 538566648 255243 105 705573 4 44 7600747 2533167 15707715 12670385 1804715088 6 201756341 217116803 725346 1724381741 4248 15288735 63 127064078 601 146075 24344028 142664 1 1486706 526735556 87757 75407 341358 6848854 40236 804264846 6520 5532743 1642665557 883 504745 6 4752 146072846 5823 7 1435130512 28048 7506 826 16635 8 414 818104 61368 8 15285788 18807754 1212082 11813 215231264 8 21 8 40334 5 184203303 63331 150024170
71261 2912541 292 41102 1386 452 154579 83263965 230574455 6 8444 8952309 4 572 7856422 6 803 51931 32789403 3515 614 589 49490 875196 22082
198733215 9 513329978 212678749 19564865 1187759 1578994543 341 3 449513 1316178761 1127421 18955321 223841945 7 12849
16470463 946139479 68 151578 944 34477643 141719 96 163455 1953055980 70 1499607734 377410 7050 3103104 10859 1018059351 178798816 30 77 34916 5917355 15609 497 3 174604735 78379 78503603 73 5 89 6466549 15685 471031410 630 15791907 13963 869115194 1330590 118 83 94 88760477 98860 64 10 70 111735 13595 1078795 1734549 8539 8338 76960 53 3765 10743553 60319710 57 837474358 5 10596 1949113696 315180334 10 14849 8757994 93 459847 1135899 105 11
98 7068 991243 18 6864841 4 436232841 517 25975 620747 842436418 62380 99 71 375 26 113499 90731809 860562 533495628 4551 5396288 2747 4 61730 5993842 8670632 3589591 5338 872558247 2 413 92 10 9041 543 988 61565 42305 15730 85278137 809 860 135716 446639673 198 347912007 6 5721310 5216 91678 430 7944 189581560 61 680 16669236 10 1 5744505 8054 930421559 793117 5 3 176153 93 207343361 92090 15135 70 28626420 79074 736290 2210 1 72451 601430068 733208 425 32341 665
4865 770542182 999073689 82 6583 5485 77 906755 3729 9 994344 13 82015849 24406449
4765771 559 52181 300 330333 27 67717522 22638631 56286 432845 5448165 46 6256295 56222 3 3765 54 80258 74983979 728264 132 80508 39086 8115 702415 76924956 8593097 93002107 7 353313 181 417645808 573 209296 5741143 7 1081576 14308 894681 84 9750 8997 69882 539231560 21 57330 9363 2654 18583 7 2663351 10885953 28 63079 999421 276712 54354 39075900 66323 18271432 23462631 1529 20 2 13 37220375 755 858456 78760 265 172094 11795404 7712 2153997 1 7 506851412 87884153 2500 288
7 9243 77043804 546 682139 781791 8315494 111777339 266861726 32392 98750388 871862669 335808 219601281 788812 14828 8997 54369386 70033604 21598 321 7813664 130645 1180317 159998 46 9880694 6126449 65 3927 51415466 7363652 792414 57771108 9 9985110 7981283 68 9 1947745 847 18 40538279 8523 3 868501 52710159 2914545 80611 396 76 320596 74155095 968031 3454005 551 7097521 413463 9327 34 3313 9145728 84 3523611 2774
8 3 2776 5548091 810 36566997 522 21619262 40745028 44384 49486 6521855 80 658173494 553 294025 336709 3 78 13 22 67879183 6 699746 679863 844131 40 38873 10722772 420355 76 905743655 897 995626 309 75 280 7168 208295 27714013 2951061 38335 1978231 13201377 65964 201269 38179 771 83203 801 5608120 67240 30 6632309 69872531 40299 32 998 71 1548 5296902 891712 641188 64 875167276 109529112 2339 7588175 5 38830 9126 6 2157 11876319 744 10 9882156 9071594 60883 5490 10 264 19167181 3 46 354126 3 6612581 8742128
24 20 7888177 96324144 877001948 35261003 86 31973 96383 201 2 797154005 717936 8087500 1968365 110 82 3 75 58 84524 88 86 8 395416 5495 142 454989010 456678495 25 6 978 697086496 249542428 50 3490 1 48706 33 90696473 375096 563
852 168611924 46 779600 8 916719275 16679208 16590404 1628476587 5 178741712 1259002056 10 8 5 5454 49064120 8616 15960980 1896751452 117097771 11958 256624949 5 599 45 1190 14070 1552 1741798050 115 69 22877 1049 10 662759 1075860 4200572 142846495 167182 1640216845 49005409 4920 120 5 1084 56117 14026627 1782918462 14422604 64189 1446487 1085 12458 175262120 9 21464255 195214282 751667967 1841591660 14578798 110879 664 811 225529 14 257060758 266416542 1050 1 5 104 145972469 1097 4 117 1009 878 24982 757 418851594 54415451 122 881 14472 900 54 14824827 12
39275453 643701162 3633295 30870392 881328423 24058 9916679 3459948 36324153 23 59293144 1513 35564226 690 1 8 140142 88 718 621717195 66 19 814771 34746 52865
54578458 1348 13 1407 131 11 558371 33057 873311
2 7 639 439331127 61747 33 7 34853136 89271 2630752 46853 62256 75407 3 3134007 7791 399614 56256491 6 1800 87681 5632 96698783 1 11729 96549230 2417 34 597538 658 825629434 5927219 623449 3 835676 74094 24098097 2458005 9 621 8 895825108 96013 61801 969866293 6030 742319 113988 81365771 677528 1771 867 9096 67140710 4 2 53000004 40157 7897839 698 273487529 18443 67325 329512 3493519 75574 32667970 45733304 4880620 80 75 3 476369 72333 99 75142824 3175 18205 13426 383 15992219 61924895 901964 5703 988696791
